image: rtab_6thJ_1.pgm
resolution: 0.050000
origin: [-15.477585, -2.303257, 0.000000]
negate: 0
occupied_thresh: 0.65
free_thresh: 0.196

